1111111111 11111111 -Les Annales 111 111111111111111111111
111 11ο111111 11111111111111111 811111-811111111111 1110111111·
1101 111 11 (1111111111 1147“ 11 sa 11111 1117111111 1181 ¹.

(111·111111111,11111111οἰ1111111111. -11111111111111111111
111 1111111111, i! 11111111111111· 1111111111 111111 1111111·
dela 11111 1111111111· 1111111(111111); MLxxxl. (111111
1111111111Ειι11111111ο1111111111111111111111,111111111111111111111-
11111, Vl kalendas septembris.- 1111 111111111111111111111111-
fridus, 11111111 anniv. 111111 sacr& 1111111111 111· 11111111·
1111111111· ⁴ 11 1111111 11 111 11111111 111111.

(1111111111 ΙΙ, 1111111111 111· 11111111. -111111111111
,111111111118111111111111, 11 1111 1111111111111111111111111, 11·
11111111111111· 111111. 111’11’1111111111111111 11111 11 consi·-

' 1.. 1111111111. 1111111111111111111111111. 11 metam.. 11. 11 11 1111.

¹ 11111.. 11. 111 11 11111 1.·0111111111 111 811111-.11111111.1ο1111111 11 1111.
ww, 1111. 31. 1)·11 1·0,11111111111111111 11111111 : 1 vl 1111111111
1111111111111. 1111111 1111111111 1111111111111111111111111111111111111, 11111
1111111111 numu 11111111111 1111111111 111111 111111 XXXV, 1111111
1111111111 1111111 1.

· L. 1111111111.111111111111111111111111111·. 1111111111.. 11. 113.

11311111 111 Ι11111111111111111 111 11111111 1111 111 ,11111111 11181111·
1111111 (1,. 1111111111, 11111111 1111111111111111·.1111111111.,11. oet 35) 11
le 1111111111, 14 11111, 111111111111111111· 1’1111111111(1“111’11., 11 a» 111111
11 1111111111111,1·111111’·1 1111111111 111 11111 : 1 111 1111111111 11111111
(1111111111, 1111111111111, vm 11111 1111.1111111111 die 1111111111 111111·
111111 1111111111111 ·; 1111111111 11 1111 111111.111Ι1111111 11111 111 111111
11111111 11111111111111, 11111 1111111 11111. 11111 11 111111.

⁸ ,1111111111 111 ,1111111111 1111111 111 111111111ιό11 111 seint-serp 11
1111111111 111 ,111111111111111 1111. 1111111.. 11111111111,1111. 111.,11.1, 55. 11111
e! lm). 11111111 11 «uuluam ‹lv- 1111111111 11 1111 111-111111 «11113111 111
11111111 1111 (1.. 1111111111. 11 11111111 11111111 1111 M· 111111, 11111111 11111·
1111111111. 111· ς), 1111111111 111 ’111111 1111 1111111 1111111111 1111111 111 :
1 (1111111111. 111 1111111 1

· Ι. 1111111111. 1111111111 11 1111111111 enen· 1111111111111 ,1131 111 ,1111111111
111 ,1111111 ,111111 1111111111 z 1 Vix 11111111 111111 111 1111111111111 11111111 1.
811 11111111111111111111111111 11111 11111111 1 111111, 11111111 1111111
11111111 111 1111111111 11 11 111111111111 (11 probabimus 111111 11
11 1111111111) 111111 11 11111 11111 (11111 1111111111. 11, xm. 11, 111 11,
1ἰ1 11111 111 1111 11111 1111 1111111 111 11111111.

 

