111. 11 11111111111111111111111
,.......-...--....-....-.-.....-.

Ι)11 11111111111111111111

1111111 siquidem 1111 1111111111 1111111111111111111. 1111111111111

1111111111111111 ,111111111111111111 11111111 11 11111111111111 11111

11111111111111 111111ζί111. 1111111111 «1111111111, 1111111111 1111111
1111111111 111111111111 1111111111. 11 11111 111111111111Δ ojus. 111
1111111111 111111111111. 111 111 111111 11111111111111111111 (111111111111111,
11111111111111111111111 1111 1111111111 111111 1111111111111111 11111·
1111111111 1111111111111 11 11111111. 1111111111111111111111111111111111111
1111111 111111111111 1111111111 Ι1111111111. 111111111111111111111111111111
11 11111111 111111111 1111111111. 111111111111111 (1111111111 11111 11111111
1111111111 1111111111111111111111111·11111111111111. 11111111, 111 11111111·
11111 ι11111. 111111 1111111111 1111111111111111111111111111111111111111
11111 illos. 1111111111 11 1111111111· 11111 1111111111 11 1111111111.
1111111 111111111 1111111111. 111111111111111111 111111111111111111111111
111 1111111111. 11111111111111111 11111111111111111111111. (111111111111.
11111111 1111111 (111111111111111111 1111111 111111 11111111· suos 11
1111111111 11 11111 1111111 111111 11111111 11 1111 11 1111111111 ,11111111111111
11 1111111111111111111111111111111, 1111111111·1111111111111111111111111111.
111 1111111111 1111111 1111111111 11 1111111111· 11 11111111111111
1111111111 11111111111111 111111 11111 111 1111111111 11 1111111111111111 {inl
1111111111 1111111111 11111111 11 111111111111111111 1111111 11111 1111111111
11 11111· 1111111111 ,111111111111111 111111111111. Et 1111111 1111111 1111·
1111111111 111111. 1111111111 11 111111 111111111111111111111.11111111
1111 1111111111· 111· 11111111111111 11111111111111111111111111 ,1111111
111 1111111111 11 111111111111. 111111 111111111111111111111111. 1111111111
1111 111. 1111111111111111 1111111111111· 11111111111 1111111111111111111 1111111
11 111 1111111111 ,11111111111111111111111111111111111111111111 11111.
111 111111 11111111. 1111111 11111 11111111 1111111. 1111111111111 1111
1111111111111 1111111 111 1111· 111111 11111111 1111111111111111111111111111
1111111111 1111111111. 1111111 1111111111 1111 1111111111»)11111111
1111111111 111111111111111111111111 1111111111 111 11111111111111111
111111111111111111 srvi. ui- 1111111111111111111111111111 . 111111111111,
1111111111 111111 1111111111. 11111111111111111 1111111111111111, 11111111·
1111111 111111111111111111, (inille-lmu- 111 1111111111, 111111111111111
11111111, ,1111111111 1111111111. 1111111111· 11111111111111111111. 1111111·

 

