1111111111 - 111111 ,111

(1111111111111 1111111111111, 111.
unuh-lmus (1111111111. 1111.

mus, (1111111111, (1111111111,
(1111111111.

uvillelmus 1111111111. [1111111111 (1111111111111111111111, 171.

Sancti 1111111111, 117.

(1111111111 11111111 de emmil-
1111111, 186.

(1111111111, 1111111 de 11111111,
199.

(1111111111 1111111, 1111111111
saneti 11111111, 117, 1111,
1611, 1111, 1111, 101. 11111,
115, 156 1 -11111111111111111,

1111111111111011111), 1117.

(111111111111 dominun 1111111111·
mus), 2¹7. - La 1111111111·
1131111111, m. de 11111,
luvet-Vllum. - 1111
(11111111111,Ρ1111111111111111
(11111111111111 1111111111.

(1111111111. -· 1111111111111111111,
(1111111111.

111,171,171,111.- 1’11’1 owardus 1111111111, 1511.

1111111111 111111.

111111111111111, 1111111111, 11111111, 111·
1111111111 8111111 11111111,
1111, 1111, 11111, 1111, 111,
311.

111111111111111, 1111111111, 11111111·
111111111111111111111111 (111111-
1111, 1111111111 1111111111, 11ΐ,
1111, 11111.

11111111111111 1111111111, 1111111111,
11111111, 1111111, 1111111111
,1111111 111111111, 1111, 171,
111, 111, 111, 111, 111,
11111, 317, ἱ1.’11; -111111111
111111 11111111111111, 1111.
- - 1“11111“11111111111111111111.

111111111111111,1111111111, 111, 115.

11111111111111 1111111111, 1111.

unuh-lmus. 111 11111111111111111·
111 11111111 [1], 1111111 ,111
gnarum. 111111 Ι1111111111.
111111,1ῖ11.

11111111111111, 11111111111111111, An·
1111111111 1111111111, 21111.

111111111111111 Ι1111111111, 1111.

‘'sunno-mun. · 11111111111111111,
11111111111111111111111111111·
11111111, 1111111111, 111111111-

111111111111111. - 1111 11111111·
11111, (wichardus.

111111111111111, (1111111111, 1111111
1111111111111111111, 111.

(1111111111111111111111,1ο111111111-
111, 1111.

111111111511111 1111111111, 11111.

1111111 1111111111. 111.

1111111, 11111111, 1711.

(11111111111111111111, 111.

(11111111 (111111111111111, 111.

(1111111111 (1111111111), 1111.

111111111111111, 111.

11111111111111, 11111111 {Naum-u·
1111111111111111111, 119.

111111111111111’111·11,111. - rw
1111111111 rm.

11111111111111111111111, (11111.

111111. ·- 1111111111, 11111111,(111,1··
1111, 11111.

111111,1111111 1311111111, 1117. -
1111 11111111, 1111111 laum»-
111.

11111111. -- 1111 1111111, 11111111,
11111,111111.

(11111114111111 1111111111, 1111111111
8111111 1111111111, 111.

 

