(11111111111,1111111 1111111111 de Vio-
1111, 111. - 1111 (1111111111
landrici.

(1111111111, [1111111 11111111 111-
1111111, 273.

(1111111111 1111111111, 117.

(1111111111 (1111111, 11ῖ, 165, 1111.

(1111111111, (1111111111, (1111111111,
1111111111111 (1111111111, (111·
11111111, (1111111111, 1111111111,
1111111111, 1111111 (1111111111,
(1111111111 (1111111111, 1111111111·
11111 Sancti 1111111111, 1011,
115, 118, 121, 122, 1311,
111, 211.

(1111111111, 111111111111111, (1111111111,
(1111111111, (1111111111 (11111111.
11111, 1111111 (1111111111, Geu-
Jrny, 1111111111, canonicus
Sancti 1111111111, 1111, 121,
2151 -- 11111111111115111111
1111111111, 111, 117, 1111.
111, 1111, 160, 175, 1711,
177, 1711, 1111, 1111, 11111,
1111, 1111, 21111, 2111, 211.
1111. ’1111 - 11111111111111
11 1111111111111111111111111111·
1111111, 151.

(1111111111 1111111, 271.

111111111111111111111, 1111111111 Salv
111 1111111111, 1111,

(1111111111ι 1111111111, 11111111 1111·
111111 111· 1111111, (1111111111,
112, 111, 112.

(1111111111 [1111111111 ΙΙΙ, 1111111·
11111111. 1111111 1111111111 1111,
111111111111111 1111111111, 11’.’,
1.·’·. 111.

(1111111111, 111111111111111, 11111111·
1111·, 1111111111111 1111111111.
(1111111111 11111111, 1111111111·
11111 {Eum-nn· 111111111111111,
1111111111 111111181111111111,

111, 13ῗ, 1161 -1111111
111111 suncti 1111111111, 11111,
117, 111, 111, 111, 11111-
decanus Sancti 1111111111,
1111, 121,125.

(1111111111 papinus. 111 11111111·
1111111, 115.

(1111111111,11111111111 1111111 Ro·
1111111111, ¹70.

(11111111111111111111, 116.

(1111111111 [1],(1111111111111, Gau·
1111111111, (1111111111, 11111111·
11111, 111111111111111 {Saum
1111111111. 1111, 1116, 11111,
1111, 126, 1.’1“.“, 2111.

(1111111111 [ΙΙΙ. 11111111111111
[11111111 1111111111. 111. -
1111 (1111111111111111111 111·
11111111. 1111111111 ,11111111
11111111.

(1111111111 [1111. (111-1111111111
1111111111111111111. 1ἳ5, 1ῖ6,
177, 21111. - 1’11111111111111111
fluidum&

(1111111111 {NJ 111-1111111111
[Sancti 1111111111, 1111.
(1111111111 111, 111111111111111
18111111 1111111111, 11111,
(1111111111. Vnum-mam 11111111,

1111, 1115. -- 11111 11111111·-
ἀ111, 111111111111111111 1111111.
(1111111111111111111111. 1116.
Gaugamela 111· 1111111111, 2ῗ11.
(1111111111, - · 111111111111.
(1111111111. - run 1111111111,
(1111111111, (1111111111, 11111·
thu-nm, 1111111111, muna.
(111111111111, (1111111111 111 1111-
mnata. 1111111111 111 (1111111
1111111111, ΜΤ.

(11111111111111111111111111, 1111111111·

111 1111ἷ11111111111111111, 11117,
‹taum-nu„ 1¹..uuaun--rtu·.

 

