0111111011 111

(1101110011, 1101111001 11111101 vi· 3111, 337, 300, 303, 303, 303,
num, 1010011010, 11111001, 313, 313, 333, 351.
111110, 11101101, 11111111, (laufridus (1111101, 1101111001
canonieus 1101111111 Sancti 0111011101100.11,111.
11101100, 333, 337, 333, 301, (11010001, 01111111, 311.
303, 350, 33ῖ, 363 ; --111110- 1110111001, (1101111001, (1011111101
010013100010111010110011- 01 1111111111, 00 11001101,
0111101·1100111100011011011111, 1111, 311, 31111, 3111, 1111).
3031 - 0101001 111111 (1110111001, (110111101οε 00 3111111-
1’1·111 [1111111110101111111110· 10010, 01111101 1110111111.
1101111011 000011 11001011, 111111111111·11111 111· 6111011111-
asu.. 1011111113.
(1110111001 numu-unm. 117. (11010001013011001101, 271.
(1110111010, 1100010101 caiphas, 1100110100111011100111.1101111001
11011111110111011110,171,1311. dv 1111010110, dt· 1111010111,
1110111010 111, 1100110001, 1101· (110101101000101,113,130,
111001, 1111111001, 010101, 131.
pram-ntor 13110011 111011· 1110111001οο 0110001,1111001001
101. 103, 100, 1011113131, [3111111 1110110111, 211.
1311, 316. 1100111001 01· capena, 2⁴2.
1110111001,0110011111011111001101, 1100111001, 1101111001. (10111001
11101101 1111111111303, 313. 111· (111111, canonieus 111111
11110110110111111111011111 aum (311· 11111 110001111101111, 333,
11111011. 131. 1133.
0101111101, 1011110011110101 110100· 1100110101, 1101110111 do 1101100,
1111101101, 1133. 111000110111001, 1711, 130,
0111110101 111, 1010111 [1111111310. 131, 191,
101111.17,11.1·. 1111111111· 1110111001, 1101111001, 1101111001
110010 111. 011010· 130111111- 01· numa. lama. lnssnn.
1010011. (leonum. 61111101, Geumi
1110101110 1111, 1101111101, 110· 11 Amne, 01111111, 110111-
11101101, «ismundus, 1101110· 0110111111, 19111 -- 1311000
11111,110111111111,1·111111·111111· 1113 sautu nnuma. 151,
‹iu-nnuma. 11111101. 111011 11111, 1311 ·- 1111111001.
11ιο110011111,·.1·.·,01.31, 1771 -· dmum 110111
07, 101, 1ῖ3. 11101110,,1110111111·100,1ῗ1,
1110111001 111 1, 1101111010 J 1111· 3111, 333, 330, 333, 333, 311,
110, 1011101, 11100 1011101111 3311, 3311, 317, 313, 3111, 3115,
111 10010111. 111111 111011· 170111, 3711, 303,
11111. Andre-‚nutum 11111110, (1101111111) 1001111101, [tumultun
‹um-:s 10111111101001, 10- Saum 1110111111, 13ῗ.
1111111010 «nutu. «annul 11110111οω011111111010,11101111·1101
Annio-musa». 223. ·.'·.·⁰'·. 81111011 1101111011, 151.

 

