111111 11111111111111 1111111111

11111111111,11111111111111111111 111111 1111111111111 1111111111, 111111
1111111111 1111111111111111 11 11111111111111111111.11ΙΙ1 1111111 (1111·
11111 1111111111 11111 1111111111111 11111111111111111 111111111111111111111.
11111 111111 81111111111111111111111111111 1111111111111111111111111 11111111·
11111 ; 1111111111 11111 11111111, 111111 1111111111 1111111111 11111111
, 1111111111 1111111111· 1111111. 1111 11111111111 111 111111 1111111111
11111111111111111111111111111111111111 1111111 1111111111111 111111111111111·
11111111111111111111 11111111111111111111111111. 1111111 1111111111111111
111, 11111111111111111111111111111111 1111111111111 1111 1111111111.
1ἶ1 11111111 1111111111 1111111 1111111 111 Ι11111 111111111111111111
111111111111111111111 11111111111111111111111111111111 11111111 1111111111.
11111111111111111 111111111111111··“ 1111111111111111111111 11111111 1111
1111111 1111111 11111 111111111111111111111111 1111111111 11111111, 11111·
111111 1111111111 1111111 111111111111 11111111 111111 1111111111.
111 11111111111 11 1111111111111 111111111111,111 11111111111111111111111
1111111 1111 1111111111 11111111111111.111111 111111111111 1111111111111
11111111111111 1111111Ι 111 11111111111, 111111 1111111111 1111111 11111111,
111111 111111111111· 11111111111111 tvm-1¹ 111 1111111111111·Ι11111.1·1Ι
11 111111 11111111111 111 11111 1111111 1111111111 11111111 11111111
111111111111111, 11111111111111111111111 111 111111 11111111111.11111
1111111111 111 11111111111111111111111 1111111111111 1111111111

1111 11111ιί1111 11111111 1111111111 11111111111111111 11111 111111111111111·
11111111 1111 1111111111 11111111111111111111111111111111111· 11111111

111111111111111 1111111111 11111111, 111111 111111· 111111111111111111 11111
1111111111 11111111· 1111111111111; 1111 111111 1111111111111 1111111111
11111111111111111111111111 w· 111111111111111111111111 11111111 1111111111.
111111 1111111111 *ibi 111111111111 1111111 1111 11111111111111111111
11111111111111111 1-111111111111111111, 11111111111111111111 11111111111111111
1111111111 1111111111111, 11111111 11111111 judiciariae· 111111111111
111111111111111111. 11111111 11111111 1111111111 11 11111111 1111111111·
1111111· inqu-rim 1111111· 11111 1111111111111111 11111111111111111111111·
11111111, 1111111111111 1111111111111111 11111 1111111111111111. 11 11111111·

’1 111111111111111111. 1· 1111111111111111111111111111111111,1111111
111111111111-1, ι. 1111111111111111111 1. 1. 11111111 ml. 11. 11111111·
11111111 Ι. - 1. 11 J.

 

