1111 11 1111111111111, insaniis

111111111111, 111111 111 111 11111111, 1111111111111111111111111111111111111111111

plenissimum jus 111111 1111111111· 11 11111111111. 11111111111111 111111 1111·

111111111111111111111111111111 111111. 11111111111111 111 fviii„ 11 111 11111-
11111111111111111. 11 11111111111111 111111111111111111111 111 11111111111111·
11111111111111111. 1111111111 111 111111 11111111 11 11111 111111 ,1111111111111
11111111 1111111, ,111111111111111 11111111 11111111 11 11111111111111 11111111
placuit. ’1111111111111111111111 11111111111111 1111111111 1111111· 1111111111111.
111111111111111111 111111111111111 11111111111111. 111 1111111111111111·111111ιί111
11111111 1111111111 111111111111111, 1111111111 11111 supi-iiiiii. 111111111111111
111111111ιί 11111111 111111111 (11111111, 11 111 111111111 111111111111 11111111
11111111111111111 nobilissimi. 11111111111111·11111111111111 11111111111’ 11111
111111111 111111111·11,11 111111111111111111111, 1111111111111 11111111111111111·
11111111111111111· 111111111· 11111111111111111.1“1·1111111 11 1111111111111111111 111111
deti-aliani 11 11111111111111111111. 11111111111 11111111111111111111 1111111111111111.
,11111111 111111 111 111 11111111111111111111 1111 ,111111111111111 111 111111 11111·
11111’111111.1; 1111· 1111111· 1111111 1111111 111 11111111 narrationis 1111111111
111111111111111111111111 111111111111111 1111 11111 11111111111111 11111 111111
maximi 11111111111111 mlvii-surii 11111111111111111111 1111111111111 11111111
11111 1111111111111111 11 1111111 111111111111111111111111.11111111111111111111
1111111111111111111111111111111 mugi< 11 1111111111 111111111111111111 1111111
adivi-«ariorum ,111111 111111111111111111.

,11111111 11111111111111111111111111111 1111· 1111111111111111111111111 ,11111111
111· 1111111111 111 1111111· 1111111111111 111111111 11111 11111 111111111. injusti·
11111111111111111111111111111 ,111-11111111 111· (1111111111 11 injusti· 11111111
anfivia· 111111.1111111111111111111111111111. Nvi- 111111 1111111 111111·
1111111111 1111 1111111111 111111 lviii-inus: 11111111 1111111 111 1111111111·
juri& 1·1 11111111111111111· 1111111111· 'uiui-minuis. ,111111111 1111111111·
111111111111 111·1111111111111·11111111111 111111 11111111111 11111111 111111111111111,
1111111111111 1111111111111111111. 11111 111111· 11111 ,11111111111111111 1111-
1111111111,1111111111111111. ’11111111111111 11111111111111111111. 111111111111
»ibi 111111111111. 1111111111111111111 1111111111 11 111111 111111111111111.
11111111111·1111·1·11111111111111· 11111111111111111 11111111111111111 1111111111·

11111111111-1111111111111Ι 1·. 111111111111ἨΑ. Ι1 1111111111 J. ·-
ῥ’.111·11.1111·11.111111, 11 mucul-unul. 111111111111111 11111111·
11111111 11 11. Ι.. libriin-usi- 11 Κ. - 1. 121111111111111111111 J.

 

