mmm
——n—————.—-

111111111 3111111·111111·Βα1111’111

et Sam-Inlita.

- sanctus 11111111,111111111,111,

111,111,111.-11111.1111,
111111.

- Sanctus 1111·1111111,811111111 11-

ninius. - 11111 Sanctus
1011111111 Baptista 11111111,
111111 Licinius„

- 61111111 111111οΜ611, San·

11111 magnobodus 1111111111·
venais, 11111111, 227, 295.
- 3111111111111161111,11111111·
1111111111 Scine· Saturnia ,

111111.

- 8111111111 111111111111,111111·1111

Mauritius, sancum 11111111·
111111 :namra-vasis, 1111111111
Mauricius 1111111111111111,
1111113111, 11111111111116111, 11111·
111 undosis 11111111111111111,
3, 5, 6, 7, 9, 11. 12, 13, 16,
20, 22, 21, 29, 31, 37, 13, 11,
16, 111, 511, 51, 52, 53, 61, 77,
711, 99, 111, 123, 129, 139,
152159,1611,161,162.106,
166.1711,172.17ἴ1,176,179,
1111,1112.1111,1111”1,1117,192,
193, 197, 2111, 212, 215, 217,
2111. 220, 221, 2211, 229, 2510,

231, 232. 211, 213, 211, 219,

2711, 27·.1.21111,2111.2112,2113,
211ῖ, 2111, 211. 202, 211. 2113,
216, 1·1ῖ,·,··111, 2‘0‘9, 11111, 3112,
3111, 3116, 311ῗ, 31111, 3111, 312,
311, 111, ’111, ,111, 11111Ι 3211,
1111123111, 111, ’1·,·.·1,ῖ1·,·1·1,
ῖ11ῖ, 11211, ῑ1·.·“,1, 1111, 111, 1117,
1111, 111, ’111, 1111, 1111, 11111
- 1111111111111111111 1111111111,

371

Sancti 1111111111, Beati 11111·
111, ecclesiae Sancti 11111·
11111 canonici, 1111111 cano·
11111 Sancti 1111111111, 11111111
Sancti 1111111111, 11, 19, 95,
96, 911, 103, 111, 116, 110,
112,111,151,157,163,165,
111,171,171,1111,113,111,
1115,166,1111,192.191,199,
202, 203, 201, 205, 206, 215,

’ 219, 220, 221, 226, 227, 235,

231231, 212, 216, 217, 213,
219, 250, 251, 253, 259, 260,
2711, 295, 297, 351, 351, 360,
362, 3611 - capitulum
6111111 1111111111, Sancti
1111111111, 1τ1111111111111 eccle·
11111 3111111111111111, etpi-
11111111 sancti 1111111111
111111111111111, sancti 1110·
11111 Andomatis. 105,
119,120,122,127,133,136,
117,130,155,161,167,1110,
1119,196,21111,2119,211,216,
227, 211, 232, 267, 266, 273,
279, 2112, 2115, 291, 295, 296,
2911, 300, 302, 321, 3111 -
claustrum 111111 1111111111,
113, 231, 216ς -- 1111111
111111 1111111111. 11131 -
conmentaSancuMaunui.
1111111111116111111 1111111111,
31, 2311, 211.’1; 1111111111
111111 11111111116111111111111·
mu, 353, 351; ··· 101111
1111111111 5111111 1111111111,
dumus 11111111 111111 11111·
111111111111111111611111111111·
1111 61111 11 1111111111 Ande·
11111111111111111111 uda. 111,
611, 172ς -11111111111111 z
1111111111111 1111111111, 1971
- 11111111 1111111111, 1931

 

